240460112 309431700
16592046 279118291
32403855 21048669
3277614776 16582131
2415032017 20817836
1671628885 3389164514
33980127 36585157
2360121187 2360121187
2860819099 759117157888249856
2834276777 759117157888249856
175593914 175593914
85475231 85475231
1244408377 1244408377
2360121187 2360121187
842775895 2391379874
455513492 702472313137192960
2360121187 2360121187
153878400 2391379874
231501636 240915948
2360121187 2360121187
2360121187 2360121187
2360121187 2360121187
2360121187 2360121187
2360121187 2360121187
32695658 2360121187
2360121187 2360121187
2360121187 2360121187
2360121187 2360121187
2360121187 2360121187
2360121187 2360121187
2447857141 781864170094551042
2447857141 781864170094551042
4868688743 4868688743
781766416177491968 781766416177491968
2360121187 2360121187
2360121187 2360121187
2360121187 2360121187
2360121187 2360121187
2360121187 2360121187
2360121187 2360121187
2360121187 2360121187
2360121187 2360121187
713666146973589507 713666146973589507
234007768 13160892
2391379874 2391379874
789136054695632901 759117157888249856
354931071 264924050
37792851 544621881
2447857141 781864170094551042
2447857141 781864170094551042
30690661 30690661
175593914 175593914
361631222 264924050
23380380 1244408377
48438556 1244408377
2963667941 1500034146
7019512 1244408377
1885129123 1244408377
759117157888249856 759117157888249856
2826841393 1244408377
2519552569 2519552569
2519552569 2519552569
2519552569 2519552569
2519552569 2519552569
2519552569 2519552569
2519552569 2519552569
2519552569 2519552569
2519552569 2519552569
2519552569 2519552569
2519552569 2519552569
2519552569 2519552569
2519552569 2519552569
2519552569 2519552569
2519552569 2519552569
2519552569 2519552569
2519552569 2519552569
2519552569 2519552569
2519552569 2519552569
2519552569 2519552569
2519552569 2519552569
2519552569 2519552569
2519552569 2519552569
2519552569 2519552569
2519552569 2519552569
2519552569 2519552569
2519552569 2519552569
2519552569 2519552569
2519552569 2519552569
2519552569 2519552569
2519552569 2519552569
2519552569 2519552569
2519552569 2519552569
2519552569 2519552569
2519552569 2519552569
2519552569 2519552569
331384393 16426550
776470621261737984 1244408377
4665763262 2842954795
22515874 22515874
2954204525 2360121187
456726486 418423461
104027888 22515874
2583327320 853363988
390290147 1741632938
4665763262 2842954795
605871021 456823639
175593914 175593914
388034030 1669330507
182522416 1682352061
3221094020 3221094020
727506914045648896 3221094020
839960941 3221094020
701496051556028420 3221094020
2447857141 781864170094551042
2447857141 781864170094551042
485423388 1244408377
1398046710 22474811
1581997014 1581997014
68100574 23152434
2985200936 23152434
2447857141 781864170094551042
2720571204 34064539
2742559232 2742559232
785828040236494849 28349128
2851133988 40079358
21552380 21552380
13160892 234007768
227395987 60733933
385931282 242143073
785914297524236289 24756264
485423388 1244408377
769136199495745536 23152434
2447857141 781864170094551042
2447857141 781864170094551042
534622823 1244408377
2447857141 781864170094551042
2447857141 781864170094551042
2447857141 781864170094551042
2447857141 781864170094551042
2742559232 2742559232
2447857141 781864170094551042
2447857141 781864170094551042
2447857141 781864170094551042
2447857141 781864170094551042
2447857141 781864170094551042
2447857141 781864170094551042
2447857141 781864170094551042
2447857141 781864170094551042
2447857141 781864170094551042
535977623 16543775
2447857141 781864170094551042
2447857141 781864170094551042
2447857141 781864170094551042
2447857141 781864170094551042
2254008480 775425493835378693
2447857141 781864170094551042
2254008480 775425493835378693
21721042 775425493835378693
2447857141 781864170094551042
2447857141 781864170094551042
81973893 1244408377
2447857141 781864170094551042
16543775 41968678
2447857141 781864170094551042
16543775 2288386974
2447857141 781864170094551042
2447857141 781864170094551042
2288386974 41968678
2447857141 781864170094551042
2447857141 781864170094551042
2447857141 781864170094551042
337250892 337250892
2447857141 781864170094551042
2447857141 781864170094551042
2447857141 781864170094551042
17095506 78978668
900465116 900465116
2447857141 781864170094551042
900465116 900465116
900465116 900465116
900465116 900465116
900465116 900465116
900465116 900465116
900465116 900465116
900465116 900465116
900465116 900465116
702199438324981761 702199438324981761
218752969 78978668
33981587 78978668
208186080 315649298
807008706 78978668
2922437656 386215505
33980127 1244408377
1244408377 1244408377
762648535938412544 1244408377
23380380 1244408377
311677386 1244408377
19622848 6243402
716072847622414336 1244408377
65476777 121489431
205594654 1244408377
297639393 24322255
3240392284 1244408377
702199438324981761 702199438324981761
48438556 1244408377
762648535938412544 121489431
4875472510 32520240
48438556 1244408377
725668283190534144 1244408377
3021101578 3640734136
3640734136 3640734136
103967533 1378065150
32541197 6243402
2447857141 781864170094551042
21552380 21552380
2447857141 781864170094551042
2447857141 781864170094551042
2447857141 781864170094551042
2447857141 781864170094551042
2447857141 781864170094551042
1046114347 1046114347
2447857141 781864170094551042
103967533 1378065150
2447857141 781864170094551042
104027888 571496354
2447857141 781864170094551042
2447857141 781864170094551042
2447857141 781864170094551042
1046114347 1046114347
81973893 22064255
2447857141 781864170094551042
2447857141 781864170094551042
2447857141 781864170094551042
2447857141 781864170094551042
2447857141 781864170094551042
2447857141 781864170094551042
2447857141 781864170094551042
2447857141 781864170094551042
20614022 78978668
2447857141 781864170094551042
485423388 1244408377
2447857141 781864170094551042
2447857141 781864170094551042
2286053444 1244408377
2447857141 781864170094551042
2447857141 781864170094551042
2447857141 781864170094551042
2447857141 781864170094551042
425600965 188208373
2447857141 781864170094551042
1624339831 188208373
2447857141 781864170094551042
2447857141 781864170094551042
519144718 188208373
2447857141 781864170094551042
2447857141 781864170094551042
2362567844 1046114347
2447857141 781864170094551042
2447857141 781864170094551042
2447857141 781864170094551042
2447857141 781864170094551042
1244408377 1244408377
2447857141 781864170094551042
2447857141 781864170094551042
2447857141 781864170094551042
3111661762 188208373
2447857141 781864170094551042
2447857141 781864170094551042
2447857141 781864170094551042
2447857141 781864170094551042
2447857141 781864170094551042
2447857141 781864170094551042
2447857141 781864170094551042
2447857141 781864170094551042
2447857141 781864170094551042
2447857141 781864170094551042
2447857141 781864170094551042
2447857141 781864170094551042
2447857141 781864170094551042
2447857141 781864170094551042
734348794611916800 22064255
2447857141 781864170094551042
2447857141 781864170094551042
4882510012 188208373
2447857141 781864170094551042
2447857141 781864170094551042
2447857141 781864170094551042
2447857141 781864170094551042
2447857141 781864170094551042
2447857141 781864170094551042
2447857141 781864170094551042
2447857141 781864170094551042
2447857141 781864170094551042
2447857141 781864170094551042
789608216837562368 789608216837562368
2447857141 781864170094551042
2447857141 781864170094551042
1046114347 1046114347
2447857141 781864170094551042
2447857141 781864170094551042
2447857141 781864170094551042
2447857141 781864170094551042
3240887063 1925562158
2447857141 781864170094551042
2447857141 781864170094551042
2447857141 781864170094551042
2447857141 781864170094551042
2447857141 781864170094551042
2447857141 781864170094551042
2447857141 781864170094551042
2447857141 781864170094551042
2447857141 781864170094551042
2964050779 2450447018
2447857141 781864170094551042
2447857141 781864170094551042
2447857141 781864170094551042
2447857141 781864170094551042
2447857141 781864170094551042
2447857141 781864170094551042
2447857141 781864170094551042
2447857141 781864170094551042
2447857141 781864170094551042
2447857141 781864170094551042
2447857141 781864170094551042
2434929271 188208373
2447857141 781864170094551042
2447857141 781864170094551042
2447857141 781864170094551042
2447857141 781864170094551042
2447857141 781864170094551042
2447857141 781864170094551042
2447857141 781864170094551042
2447857141 781864170094551042
2447857141 781864170094551042
2447857141 781864170094551042
2447857141 781864170094551042
2447857141 781864170094551042
2447857141 781864170094551042
163870441 1227644041
2447857141 781864170094551042
2447857141 781864170094551042
2447857141 781864170094551042
2447857141 781864170094551042
2740546270 1244408377
2447857141 781864170094551042
2447857141 781864170094551042
2447857141 781864170094551042
2447857141 781864170094551042
2447857141 781864170094551042
2447857141 781864170094551042
2447857141 781864170094551042
2447857141 781864170094551042
2447857141 781864170094551042
2447857141 781864170094551042
2447857141 781864170094551042
2447857141 781864170094551042
2447857141 781864170094551042
2447857141 781864170094551042
2447857141 781864170094551042
1244408377 1244408377
2447857141 781864170094551042
2447857141 781864170094551042
21337290 169696888
1004569112 1244408377
789608216837562368 22064255
2447857141 781864170094551042
2447857141 781864170094551042
2447857141 781864170094551042
2447857141 781864170094551042
2447857141 781864170094551042
2447857141 781864170094551042
2447857141 781864170094551042
1046114347 1046114347
2447857141 781864170094551042
2447857141 781864170094551042
2447857141 781864170094551042
2447857141 781864170094551042
2447857141 781864170094551042
2447857141 781864170094551042
2447857141 781864170094551042
2447857141 781864170094551042
2447857141 781864170094551042
2447857141 781864170094551042
2447857141 781864170094551042
2447857141 781864170094551042
2447857141 781864170094551042
2447857141 781864170094551042
2447857141 781864170094551042
2447857141 781864170094551042
2447857141 781864170094551042
2447857141 781864170094551042
2447857141 781864170094551042
2447857141 781864170094551042
2447857141 781864170094551042
2447857141 781864170094551042
2447857141 781864170094551042
2447857141 781864170094551042
2447857141 781864170094551042
2447857141 781864170094551042
2447857141 781864170094551042
2447857141 781864170094551042
2447857141 781864170094551042
2447857141 781864170094551042
2447857141 781864170094551042
2447857141 781864170094551042
2447857141 781864170094551042
2447857141 781864170094551042
2447857141 781864170094551042
2447857141 781864170094551042
2447857141 781864170094551042
2447857141 781864170094551042
2447857141 781864170094551042
2447857141 781864170094551042
2447857141 781864170094551042
2447857141 781864170094551042
2447857141 781864170094551042
2447857141 781864170094551042
2447857141 781864170094551042
2447857141 781864170094551042
2447857141 781864170094551042
2447857141 781864170094551042
2447857141 781864170094551042
2447857141 781864170094551042
2447857141 781864170094551042
2447857141 781864170094551042
2447857141 781864170094551042
2447857141 781864170094551042
2447857141 781864170094551042
2447857141 781864170094551042
2447857141 781864170094551042
2447857141 781864170094551042
2447857141 781864170094551042
2447857141 781864170094551042
2447857141 781864170094551042
2447857141 781864170094551042
2447857141 781864170094551042
2447857141 781864170094551042
2447857141 781864170094551042
2447857141 781864170094551042
2447857141 781864170094551042
2447857141 781864170094551042
2447857141 781864170094551042
2447857141 781864170094551042
2447857141 781864170094551042
2484443027 3034626213
2447857141 781864170094551042
2447857141 781864170094551042
2447857141 781864170094551042
2447857141 781864170094551042
2447857141 781864170094551042
2447857141 781864170094551042
2447857141 781864170094551042
2447857141 781864170094551042
2447857141 781864170094551042
2447857141 781864170094551042
2447857141 781864170094551042
2447857141 781864170094551042
2447857141 781864170094551042
2447857141 781864170094551042
2447857141 781864170094551042
2360121187 2360121187
2447857141 781864170094551042
2447857141 781864170094551042
2447857141 781864170094551042
2447857141 781864170094551042
2447857141 781864170094551042
2447857141 781864170094551042
2447857141 781864170094551042
2447857141 781864170094551042
2447857141 781864170094551042
2447857141 781864170094551042
2447857141 781864170094551042
2447857141 781864170094551042
2447857141 781864170094551042
2447857141 781864170094551042
2447857141 781864170094551042
2447857141 781864170094551042
2447857141 781864170094551042
2447857141 781864170094551042
2447857141 781864170094551042
2447857141 781864170094551042
2447857141 781864170094551042
2447857141 781864170094551042
2447857141 781864170094551042
2447857141 781864170094551042
2447857141 781864170094551042
2447857141 781864170094551042
2447857141 781864170094551042
2447857141 781864170094551042
2447857141 781864170094551042
2447857141 781864170094551042
2447857141 781864170094551042
2447857141 781864170094551042
2447857141 781864170094551042
2447857141 781864170094551042
2447857141 781864170094551042
2447857141 781864170094551042
2447857141 781864170094551042
2447857141 781864170094551042
2447857141 781864170094551042
2447857141 781864170094551042
2447857141 781864170094551042
2447857141 781864170094551042
2447857141 781864170094551042
2447857141 781864170094551042
2447857141 781864170094551042
2447857141 781864170094551042
2447857141 781864170094551042
2447857141 781864170094551042
2447857141 781864170094551042
2447857141 781864170094551042
2447857141 781864170094551042
2447857141 781864170094551042
2447857141 781864170094551042
2447857141 781864170094551042
2447857141 781864170094551042
2447857141 781864170094551042
2447857141 781864170094551042
2447857141 781864170094551042
2447857141 781864170094551042
2447857141 781864170094551042
2447857141 781864170094551042
2447857141 781864170094551042
2447857141 781864170094551042
2447857141 781864170094551042
2447857141 781864170094551042
2447857141 781864170094551042
2447857141 781864170094551042
2447857141 781864170094551042
2447857141 781864170094551042
2447857141 781864170094551042
2447857141 781864170094551042
2447857141 781864170094551042
2447857141 781864170094551042
2447857141 781864170094551042
2447857141 781864170094551042
2447857141 781864170094551042
2447857141 781864170094551042
2447857141 781864170094551042
2447857141 781864170094551042
2447857141 781864170094551042
23953095 286298233
2447857141 781864170094551042
2447857141 781864170094551042
2447857141 781864170094551042
2447857141 781864170094551042
2447857141 781864170094551042
2447857141 781864170094551042
2447857141 781864170094551042
2447857141 781864170094551042
2447857141 781864170094551042
2447857141 781864170094551042
2447857141 781864170094551042
2447857141 781864170094551042
2447857141 781864170094551042
2447857141 781864170094551042
2447857141 781864170094551042
2447857141 781864170094551042
2447857141 781864170094551042
2447857141 781864170094551042
2447857141 781864170094551042
2447857141 781864170094551042
2447857141 781864170094551042
2447857141 781864170094551042
2447857141 781864170094551042
2447857141 781864170094551042
2447857141 781864170094551042
2447857141 781864170094551042
2447857141 781864170094551042
2447857141 781864170094551042
2447857141 781864170094551042
1244408377 1244408377
2447857141 781864170094551042
2447857141 781864170094551042
2447857141 781864170094551042
2447857141 781864170094551042
2447857141 781864170094551042
2447857141 781864170094551042
2447857141 781864170094551042
2447857141 781864170094551042
2447857141 781864170094551042
2447857141 781864170094551042
2447857141 781864170094551042
2447857141 781864170094551042
720260133767524352 1244408377
2447857141 781864170094551042
2447857141 781864170094551042
2447857141 781864170094551042
2447857141 781864170094551042
2447857141 781864170094551042
2447857141 781864170094551042
2447857141 781864170094551042
2447857141 781864170094551042
2447857141 781864170094551042
