22515874 22515874
752782433548963840 752953063443275776
752876968522244096 752953063443275776
3283332626 3283332626
3283332626 3283332626
752776530149969920 752953063443275776
1334161688 309124612
3283332626 3283332626
1074436872 580312540
234007768 13160892
1684165051 13160892
3267937536 16543775
23026561 2571870453
2447857141 781864170094551042
702199438324981761 702199438324981761
232565654 453653351
25606205 25606205
2319486248 2842954795
25606205 25606205
900821036 16543775
3187248692 2842954795
1970040030 352418990
465906871 352418990
487602166 156461982
1286679812 24322255
44037529 1019072844
1969281434 352418990
1970076488 352418990
1023508159 24322255
1969920092 352418990
115785635 13160892
4516109615 4258975815
36369145 32043233
3037274652 352418990
2715029887 600363811
156772034 56693003
1969656642 352418990
4211967857 11866582
718250766826397698 4258975815
202659933 202195283
33681417 24322255
65565950 32043233
3138390260 4258975815
4305810014 4258975815
900821036 3038809186
390290147 4091991507
390290147 390290147
3448261757 2820777589
2402329212 1077970982
1549702243 31146551
374676084 121489431
1598812760 264924050
253257813 121489431
610026272 15457383
126209450 121489431
33981587 78978668
718056002 32043233
1410299508 2971261419
481422731 326299470
17999579 715575893800910849
1389989888 715575893800910849
52876493 116041165
1674417708 301699308
519144718 326299470
24965613 21048669
851296279 2844412089
361631222 264924050
710415731611930626 326299470
421894563 326299470
145724191 19493645
15743525 523444573
306261708 453653351
783422850644324352 783422850644324352
326412173 326412173
703334244811186176 600363811
2742559232 2742559232
2413205982 2413205982
2413205982 2413205982
2413205982 2413205982
2413205982 2413205982
2413205982 2413205982
2413205982 2413205982
1466125662 600363811
3696040699 326299470
288052764 75941322
352980487 153630738
21337290 55134420
4870468865 600363811
703334244811186176 703334244811186176
16592046 279118291
744135084 744135084
13874822 326299470
348159533 326299470
78978668 68164740
3267937536 16543775
453707218 68164740
22515874 22515874
22515874 22515874
3924259581 32520240
1107852319 49607647
2947270383 31746745
3761230394 12952842
2984732976 55134420
17636179 738817186987450368
1466125662 30690661
379529217 18124802
52583181 385200847
68729795 2974983652
2720571204 34064539
4875472510 32520240
25911963 11866582
725668283190534144 11866582
19622848 367169552
3248004948 11866582
900821036 16543775
789608216837562368 789608216837562368
780595413921386496 4917092018
16572261 329433192
3882387076 21048669
2415152040 21048669
1671628885 3389164514
379855423 11866582
515987789 326299470
22515874 22515874
1155635473 16926310
785386184461717504 22515874
785386184461717504 22515874
2860819099 759117157888249856
2834276777 759117157888249856
2270892536 2893112155
2370912056 8795772
600519910 111718411
3037061998 3037061998
2413205982 2413205982
1077970982 1077970982
2586300403 1381088924
52093592 111718411
3521108174 748193776322023424
181309290 32168059
421616276 11866582
3310729620 11866582
2587966479 54364392
19622848 1489174423
3383116294 1381088924
388475771 190700081
1941056822 190700081
23545095 41968678
270989555 190700081
16209935 1381088924
317604952 106218655
1897321759 347320239
24814221 347320239
117472028 347320239
4668466700 347320239
29053752 8795772
379529217 347320239
190107429 347320239
4668466700 307545023
291336460 239025975
4868688743 347320239
1046114347 1046114347
1046114347 1046114347
2984732976 190700081
125089141 116041165
1134567354 1016814516
4614230423 347320239
2392807255 30690661
718830601990574080 347320239
934824404 27882000
754451190864158721 367169552
289072515 116041165
4839892228 326299470
137194685 71420949
4741334772 347320239
3288394404 11866582
14166292 347320239
815871284 2296218770
53235054 347320239
704485539416682496 347320239
1061389736 12952842
3318318912 326299470
427123424 3440042176
427123424 3440042176
2266691508 242143073
2181325626 190700081
789626081825419264 756634013087838208
149543566 11866582
3400065753 16951250
490936163 116504222
116504222 11866582
49861985 132292052
2447857141 781864170094551042
2447857141 781864170094551042
2447857141 781864170094551042
2732674568 3440042176
2447857141 781864170094551042
2447857141 781864170094551042
2851133988 40079358
2447857141 781864170094551042
4075112393 190700081
2447857141 781864170094551042
2447857141 781864170094551042
2447857141 781864170094551042
2447857141 781864170094551042
15194242 15194242
2447857141 781864170094551042
202195283 389634508
2447857141 781864170094551042
2447857141 781864170094551042
2447857141 781864170094551042
2447857141 781864170094551042
3135447923 1209851946
754273976306761728 11735652
2447857141 781864170094551042
2447857141 781864170094551042
4759166954 347320239
2447857141 781864170094551042
4868688743 307545023
2447857141 781864170094551042
2447857141 781864170094551042
787438237522329601 1244408377
2447857141 781864170094551042
48438556 1244408377
2447857141 781864170094551042
2447857141 781864170094551042
2447857141 781864170094551042
25590836 25590836
94608495 94608495
2447857141 781864170094551042
48438556 1244408377
2447857141 781864170094551042
2447857141 781864170094551042
22250215 1244408377
2447857141 781864170094551042
111501949 239025975
2447857141 781864170094551042
25590836 25590836
4668466700 733126212856352774
2447857141 781864170094551042
2447857141 781864170094551042
793196143245131776 793196143245131776
2447857141 781864170094551042
2447857141 781864170094551042
4868688743 733126212856352774
2447857141 781864170094551042
2447857141 781864170094551042
2447857141 781864170094551042
2447857141 781864170094551042
22944753 22944753
2447857141 781864170094551042
2447857141 781864170094551042
2447857141 781864170094551042
2447857141 781864170094551042
2447857141 781864170094551042
2447857141 781864170094551042
2447857141 781864170094551042
210559705 1247386200
2447857141 781864170094551042
2447857141 781864170094551042
136881432 23031094
2447857141 781864170094551042
2447857141 781864170094551042
2502463908 2502463908
2447857141 781864170094551042
2447857141 781864170094551042
2447857141 781864170094551042
2447857141 781864170094551042
2447857141 781864170094551042
145724191 19493645
785828040236494849 28349128
2447857141 781864170094551042
145724191 19493645
19493645 145724191
2447857141 781864170094551042
2447857141 781864170094551042
136881432 1244408377
136881432 1244408377
2447857141 781864170094551042
2905777889 3033098871
148066896 15194242
2447857141 781864170094551042
726523728029437952 726523728029437952
2447857141 781864170094551042
2447857141 781864170094551042
2447857141 781864170094551042
433689392 433689392
2447857141 781864170094551042
210559705 24262253
4653223392 20460897
2447857141 781864170094551042
2577571106 24262253
1406576143 24262253
2447857141 781864170094551042
2370912056 1177854026
2447857141 781864170094551042
2447857141 781864170094551042
2447857141 781864170094551042
1428731 24262253
2447857141 781864170094551042
33094865 24262253
542580422 24262253
2447857141 781864170094551042
766022265888702464 3616068795
270989555 24262253
2447857141 781864170094551042
2447857141 781864170094551042
777601505155178496 20188834
2447857141 781864170094551042
1858563469 347320239
2447857141 781864170094551042
2447857141 781864170094551042
721879747215503360 721879747215503360
2318197242 24262253
3528564315 1869575251
145724191 19493645
2447857141 781864170094551042
547530118 367169552
248052290 24922704
2447857141 781864170094551042
2447857141 781864170094551042
2447857141 781864170094551042
504695887 1869575251
3400065753 16951250
38919297 32987755
2447857141 781864170094551042
2447857141 781864170094551042
2193575217 702275484
2447857141 781864170094551042
2447857141 781864170094551042
480750959 242143073
2447857141 781864170094551042
105341128 366823791
2447857141 781864170094551042
2447857141 781864170094551042
2447857141 781864170094551042
1721137759 2842954795
2447857141 781864170094551042
145724191 19493645
2447857141 781864170094551042
2447857141 781864170094551042
766099296890589184 17017636
15194242 15194242
4665763262 2842954795
2291726940 2291726940
2447857141 781864170094551042
2447857141 781864170094551042
2447857141 781864170094551042
33094865 2291726940
2447857141 781864170094551042
1398621187 24262253
2447857141 781864170094551042
2447857141 781864170094551042
385200847 385200847
2447857141 781864170094551042
475393066 140308631
2797016911 2797016911
2447857141 781864170094551042
4868688743 1381088924
2447857141 781864170094551042
2181325626 24262253
1897321759 733126212856352774
2447857141 781864170094551042
2447857141 781864170094551042
2447857141 781864170094551042
2733044740 2842954795
2447857141 781864170094551042
2447857141 781864170094551042
2447857141 781864170094551042
248052290 385200847
2447857141 781864170094551042
2447857141 781864170094551042
908933334 908933334
2447857141 781864170094551042
2447857141 781864170094551042
516631265 428509498
2447857141 781864170094551042
2447857141 781864170094551042
2447857141 781864170094551042
2447857141 781864170094551042
539511146 32043233
4868688743 4614230423
2447857141 781864170094551042
2447857141 781864170094551042
2447857141 781864170094551042
2447857141 781864170094551042
3305758204 24262253
2447857141 781864170094551042
3567669334 24262253
2447857141 781864170094551042
2447857141 781864170094551042
391103709 37792851
2447857141 781864170094551042
22250215 1244408377
2447857141 781864170094551042
2447857141 781864170094551042
34193096 24262253
2447857141 781864170094551042
2447857141 781864170094551042
2447857141 781864170094551042
3633576554 1869575251
2447857141 781864170094551042
2447857141 781864170094551042
108288348 1244408377
72134975 335467685
719742042616827904 24262253
2447857141 781864170094551042
2447857141 781864170094551042
68729795 2974983652
2447857141 781864170094551042
701431895104434177 2842954795
2447857141 781864170094551042
2447857141 781864170094551042
2447857141 781864170094551042
2447857141 781864170094551042
1579414806 1579414806
2447857141 781864170094551042
2379290990 2842954795
2447857141 781864170094551042
701431895104434177 2842954795
3039167247 2842954795
2447857141 781864170094551042
2447857141 781864170094551042
2447857141 781864170094551042
2447857141 781864170094551042
2447857141 781864170094551042
633855117 23031094
2447857141 781864170094551042
2447857141 781864170094551042
2447857141 781864170094551042
501074158 23031094
2447857141 781864170094551042
2447857141 781864170094551042
1532683722 1244408377
2447857141 781864170094551042
2842954795 2842954795
2447857141 781864170094551042
1077941046 23031094
2796275709 2796275709
2447857141 781864170094551042
2447857141 781864170094551042
2447857141 781864170094551042
2447857141 781864170094551042
2447857141 781864170094551042
2447857141 781864170094551042
1007278045 2720571204
61016265 61016265
2447857141 781864170094551042
2447857141 781864170094551042
2447857141 781864170094551042
2447857141 781864170094551042
2447857141 781864170094551042
2447857141 781864170094551042
701431895104434177 2842954795
2447857141 781864170094551042
2447857141 781864170094551042
2447857141 781864170094551042
756099303685361664 788788962802270208
2447857141 781864170094551042
460482889 17017636
2447857141 781864170094551042
2447857141 781864170094551042
3135447923 1209851946
2447857141 781864170094551042
2447857141 781864170094551042
25207598 3604106593
2447857141 781864170094551042
2447857141 781864170094551042
15194242 15194242
2447857141 781864170094551042
2447857141 781864170094551042
2447857141 781864170094551042
851296279 41421667
2447857141 781864170094551042
2447857141 781864170094551042
2447857141 781864170094551042
106512310 347320239
2447857141 781864170094551042
2447857141 781864170094551042
2447857141 781864170094551042
2447857141 781864170094551042
2447857141 781864170094551042
52583181 2800762680
2447857141 781864170094551042
2447857141 781864170094551042
2447857141 781864170094551042
331004640 24262253
2447857141 781864170094551042
2447857141 781864170094551042
2447857141 781864170094551042
1445097546 279809196
15194242 15194242
702199438324981761 702199438324981761
1380771078 24262253
907462051 907462051
702199438324981761 702199438324981761
2447857141 781864170094551042
2447857141 781864170094551042
2447857141 781864170094551042
2447857141 781864170094551042
2447857141 781864170094551042
2447857141 781864170094551042
2447857141 781864170094551042
2447857141 781864170094551042
755994519724621825 755994519724621825
2447857141 781864170094551042
2447857141 781864170094551042
2447857141 781864170094551042
2447857141 781864170094551042
2447857141 781864170094551042
2447857141 781864170094551042
2447857141 781864170094551042
2447857141 781864170094551042
2447857141 781864170094551042
2447857141 781864170094551042
2447857141 781864170094551042
2447857141 781864170094551042
2447857141 781864170094551042
3528564315 1869575251
2447857141 781864170094551042
2447857141 781864170094551042
2447857141 781864170094551042
2447857141 781864170094551042
2447857141 781864170094551042
2447857141 781864170094551042
2447857141 781864170094551042
2447857141 781864170094551042
2447857141 781864170094551042
2447857141 781864170094551042
2447857141 781864170094551042
2447857141 781864170094551042
550139275 11866582
2447857141 781864170094551042
2447857141 781864170094551042
2447857141 781864170094551042
2447857141 781864170094551042
2447857141 781864170094551042
2447857141 781864170094551042
2447857141 781864170094551042
2447857141 781864170094551042
2447857141 781864170094551042
2447857141 781864170094551042
2447857141 781864170094551042
2447857141 781864170094551042
2447857141 781864170094551042
2447857141 781864170094551042
2447857141 781864170094551042
2447857141 781864170094551042
2447857141 781864170094551042
2447857141 781864170094551042
2447857141 781864170094551042
2447857141 781864170094551042
2447857141 781864170094551042
2447857141 781864170094551042
2447857141 781864170094551042
2447857141 781864170094551042
2447857141 781864170094551042
2447857141 781864170094551042
2447857141 781864170094551042
2447857141 781864170094551042
2447857141 781864170094551042
2447857141 781864170094551042
2447857141 781864170094551042
2447857141 781864170094551042
2447857141 781864170094551042
2447857141 781864170094551042
2447857141 781864170094551042
550139275 11866582
2447857141 781864170094551042
2447857141 781864170094551042
2447857141 781864170094551042
2447857141 781864170094551042
349359842 16543775
2447857141 781864170094551042
2447857141 781864170094551042
2447857141 781864170094551042
2447857141 781864170094551042
2447857141 781864170094551042
2447857141 781864170094551042
2447857141 781864170094551042
2447857141 781864170094551042
15194242 15194242
2447857141 781864170094551042
2447857141 781864170094551042
2447857141 781864170094551042
2447857141 781864170094551042
2447857141 781864170094551042
2447857141 781864170094551042
2447857141 781864170094551042
2447857141 781864170094551042
2447857141 781864170094551042
2447857141 781864170094551042
2447857141 781864170094551042
2447857141 781864170094551042
2447857141 781864170094551042
2651683453 24262253
2447857141 781864170094551042
2447857141 781864170094551042
2447857141 781864170094551042
2447857141 781864170094551042
2447857141 781864170094551042
2447857141 781864170094551042
2447857141 781864170094551042
2447857141 781864170094551042
2447857141 781864170094551042
2447857141 781864170094551042
2447857141 781864170094551042
2447857141 781864170094551042
2447857141 781864170094551042
2447857141 781864170094551042
702199438324981761 702199438324981761
2447857141 781864170094551042
2447857141 781864170094551042
2447857141 781864170094551042
2447857141 781864170094551042
2447857141 781864170094551042
2447857141 781864170094551042
2447857141 781864170094551042
2447857141 781864170094551042
2447857141 781864170094551042
2447857141 781864170094551042
2297835854 165081826
2447857141 781864170094551042
2447857141 781864170094551042
632102682 26005689
2447857141 781864170094551042
2447857141 781864170094551042
2447857141 781864170094551042
123930826 16543775
2447857141 781864170094551042
2447857141 781864170094551042
702199438324981761 165081826
702199438324981761 702199438324981761
2447857141 781864170094551042
2447857141 781864170094551042
2447857141 781864170094551042
2447857141 781864170094551042
2447857141 781864170094551042
210559705 22643259
3406561876 24262253
2447857141 781864170094551042
900821036 16543775
2447857141 781864170094551042
2742559232 2742559232
2447857141 781864170094551042
2447857141 781864170094551042
2447857141 781864170094551042
2447857141 781864170094551042
714280368136794112 2688417994
234007768 13160892
2447857141 781864170094551042
2447857141 781864170094551042
2353605901 17235172
2256683329 17235172
2447857141 781864170094551042
2447857141 781864170094551042
2447857141 781864170094551042
2447857141 781864170094551042
23026561 2964606814
366690549 39344374
2447857141 781864170094551042
3416490233 39344374
2447857141 781864170094551042
1466125662 22642626
2447857141 781864170094551042
1138506552 22642626
22250215 22250215
2447857141 781864170094551042
27152954 17235172
2447857141 781864170094551042
766022265888702464 22642626
2447857141 781864170094551042
320553770 294908387
789152310362411008 39344374
2447857141 781864170094551042
909434454 58964788
156772034 56693003
2447857141 781864170094551042
2447857141 781864170094551042
2742559232 2742559232
737398822935142400 2688417994
2235212204 22642626
2447857141 781864170094551042
59801369 3270622363
202367059 39344374
20919711 22642626
2447857141 781864170094551042
3371597009 2688417994
702199438324981761 22642626
2447857141 781864170094551042
10269192 3270622363
4759057768 22064255
2447857141 781864170094551042
765641072982851584 3270622363
27902825 3270622363
2447857141 781864170094551042
404478648 3270622363
3111813040 3270622363
195792808 3270622363
2447857141 781864170094551042
959603292 294908387
1324480466 30690661
2447857141 781864170094551042
4159471493 3270622363
276091221 16543775
2447857141 781864170094551042
2217474322 3270622363
557610799 557610799
568648524 3270622363
3196826180 24739498
2447857141 781864170094551042
2447857141 781864170094551042
223005255 3270622363
128607291 3270622363
2251330669 428509498
123109417 3270622363
2447857141 781864170094551042
902678191 1666503247
789618724521254916 3270622363
329445700 2192897556
2447857141 781864170094551042
25300825 3270622363
16543775 41968678
3158034747 3270622363
2447857141 781864170094551042
2305879171 39344374
63320103 3270622363
49861985 2370912056
2447857141 781864170094551042
3406411991 3270622363
3221094020 3221094020
2447857141 781864170094551042
701496051556028420 3221094020
22733501 3270622363
727506914045648896 3221094020
22944753 22944753
2447857141 781864170094551042
2401628736 3270622363
3406411991 27903435
25606205 153105468
91763849 3270622363
23545095 41968678
1046336538 2745389175
2909494739 3270622363
2447857141 781864170094551042
4705822393 3270622363
493139231 3270622363
2447857141 781864170094551042
727506914045648896 3221094020
2447857141 781864170094551042
738099288987832320 738099288987832320
1334526265 2192897556
1334526265 3270622363
767072671649656832 22642626
783196686 3270622363
2447857141 781864170094551042
480750959 52876493
2388467792 3270622363
550139275 550139275
2447857141 781864170094551042
1163384839 52876493
25606205 25606205
2447857141 781864170094551042
2177256592 22642626
716745504047120384 4614230423
2447857141 781864170094551042
705943808 1373152596
221924659 165211420
2447857141 781864170094551042
25606205 25606205
2447857141 781864170094551042
223985503 164656608
755990221439795201 165211420
767920696634683392 165211420
703334244811186176 703334244811186176
320553770 703334244811186176
94840831 487602166
25606205 25606205
2447857141 781864170094551042
27163048 703334244811186176
2720123138 25410430
22474811 1020356491
343521941 2591942665
25606205 25606205
2447857141 781864170094551042
711916995432869888 3270622363
2980787615 270989555
1650349634 294908387
251264802 27903435
2543823270 165211420
246121337 3270622363
2462927512 165211420
4875472510 32520240
36667535 24262253
36667535 165211420
2984732976 165211420
580714698 890065584
2447857141 781864170094551042
725071244 3270622363
4860948029 165211420
38247048 3270622363
1692824898 165211420
2933789943 165211420
236502081 165211420
1496308712 3270622363
2969168692 2969168692
2447857141 781864170094551042
787473361056239616 429978726
776447727311921152 3270622363
2569241309 270989555
402440626 165211420
256249353 3270622363
785877594 165211420
747141391403393024 4516109615
340492501 340492501
743208164 165211420
3335841262 39344374
177777800 270989555
364500947 270989555
2745389175 165211420
221475570 221475570
455267355 376902170
767920696634683392 163570888
35936864 26005689
755057200901398528 755057200901398528
20549679 27899417
702199438324981761 702199438324981761
338452561 338452561
103967533 1378065150
760742554086375425 760742554086375425
2451543608 3270622363
1621574918 1621574918
400404945 76964652
2720123138 132292052
454543086 454543086
320553770 1163384839
210559705 24262253
956566580 3270622363
2334213434 270989555
3616068795 3676349832
48474625 25911963
78406012 2192897556
78406012 22642626
2447857141 781864170094551042
513087375 39344374
2955544497 39344374
768496015 768496015
2752912587 165211420
2655297800 1972553143
2796275709 2796275709
2447857141 781864170094551042
2447857141 781864170094551042
281689622 34383891
2447857141 781864170094551042
925756998 3270622363
2355521964 487602166
2521368114 2576365275
900821036 41968678
580714698 28745446
717538175590076416 39344374
23860507 11866582
2447857141 781864170094551042
744135084 744135084
23026561 832408862
3196826180 487602166
248052290 13160892
2447857141 781864170094551042
59881351 103134591
542580422 21777967
760437867181113344 165211420
2447857141 781864170094551042
38089242 21048669
443963103 376902170
563007487 91446223
2733044740 2842954795
1003549333 2909494739
2447857141 781864170094551042
232030885 376902170
2348341471 376902170
35936864 26005689
390290147 390290147
900821036 2291726940
433800061 754454823374729216
2447857141 781864170094551042
261876055 261876055
3640734136 39344374
2572665032 2667916783
2447857141 781864170094551042
1534954710 42411326
1398621187 22642626
2391899094 24262253
1398621187 29374457
2447857141 781864170094551042
2447857141 781864170094551042
18299237 27899417
2446650584 1902603456
37792851 42411326
3416490233 39344374
789152310362411008 39344374
2419446620 2667916783
3133875980 3270622363
1969616724 352418990
3265726807 708646188174548992
3270622363 45578343
231207843 45578343
766022265888702464 315649298
2696076615 3270622363
405745514 45578343
2447857141 781864170094551042
4705822393 21777967
2776901738 2667916783
3040004365 483028144
1406299818 1547192635
920157835 136729203
19161515 136729203
749975564 294908387
277658004 231207843
2447857141 781864170094551042
1299189186 165211420
240860253 21777967
3506537774 2416472359
2447857141 781864170094551042
330683866 754451190864158721
1730118816 784727165023682560
113086310 754451190864158721
2447857141 781864170094551042
634706965 19308529
2447857141 781864170094551042
1431031490 3034626213
4916426233 30870308
1107852319 21048669
2447857141 781864170094551042
386215505 16564503
770520930 21048669
277658004 21048669
350014461 784727165023682560
2251330669 578119253
392386515 238387997
1531255531 920157835
2447857141 781864170094551042
2742559232 2742559232
934824404 39344374
539284296 2384157268
321380392 3270622363
37935108 22642626
727506914045648896 3413087657
701496051556028420 3413087657
857235853 21777967
50818498 20188834
2964606814 2964606814
2447857141 781864170094551042
719913518842126336 39344374
759967144402616320 384639099
1134567354 108288348
106040036 3034626213
2392807255 27684352
2447857141 781864170094551042
494758799 494758799
1398621187 4115766494
247446447 245930020
1566421004 43185157
120995738 120995738
2447857141 781864170094551042
2814630924 264924050
759967144402616320 3270622363
759967144402616320 22642626
755994519724621825 755994519724621825
2447857141 781864170094551042
104865001 23761008
2344628610 2344628610
2355576965 2842954795
52881387 12952842
436294169 24322255
2548642441 24322255
2447857141 781864170094551042
400240090 24322255
480750959 24322255
190337035 1081903728
2611285632 2611285632
2447857141 781864170094551042
785765281 294908387
42305281 24322255
348323009 39344374
587636907 24322255
216203974 24322255
2447857141 781864170094551042
2654471883 2845371821
279833522 24322255
759967144402616320 3236555213
120995738 120995738
2447857141 781864170094551042
2447857141 781864170094551042
4855587569 39344374
2447857141 781864170094551042
2986749370 165211420
48609455 285134209
2447857141 781864170094551042
189940236 39344374
120995738 120995738
2370912056 852139640
226520934 39344374
713426363256938496 39344374
2281597555 784727165023682560
4855587569 39344374
2447857141 781864170094551042
354631186 277082669
94886240 29204733
1163384839 44106800
4705822393 165211420
94886240 1684991617
749241462 4115766494
600519910 27683895
1477636376 39344374
3166178833 39344374
2447857141 781864170094551042
120995738 120995738
605712007 755729456531140608
2447857141 781864170094551042
1714610642 755729456531140608
3432145857 755729456531140608
2168680418 3270622363
2926464862 39344374
361631222 264924050
1279341103 1279341103
36179728 188208373
2447857141 781864170094551042
776447727311921152 755729456531140608
104482747 16435200
535977623 535977623
720162140 3270622363
2447857141 781864170094551042
3240392284 32168059
2447857141 781864170094551042
297639393 24322255
565816217 24322255
168893790 35353549
2740546270 2349065176
2447857141 781864170094551042
701431895104434177 2842954795
2344628610 2344628610
2700068812 120995738
761507737 24322255
2742559232 2742559232
874650284 39344374
366243138 24322255
3756379941 264924050
362875555 1536020834
1544597934 784727165023682560
38286551 902777400
299423794 299423794
299423794 299423794
3179470169 784727165023682560
417479137 24322255
3246418970 21482427
66705564 1020356491
1466125662 264924050
1170778068 264924050
838601148 24322255
3660486138 902777400
2447857141 781864170094551042
3536755277 3920426061
1323379315 49457533
374826129 39344374
2447857141 781864170094551042
2493643537 784727165023682560
1120650217 784727165023682560
231485183 4115766494
605712007 605712007
2447857141 781864170094551042
2447857141 781864170094551042
2687721932 294908387
765719354570702848 39344374
2926464862 39344374
256575331 256575331
2447857141 781864170094551042
2903292415 784727165023682560
3640734136 39344374
3640734136 39344374
2447857141 781864170094551042
3497865853 39344374
2639121207 2639121207
556375194 182146410
2447857141 781864170094551042
175593914 175593914
68609278 175593914
2447857141 781864170094551042
23118937 4115766494
2447857141 781864170094551042
2440294932 3920426061
3242304054 240782721
480011470 902777400
2447857141 781864170094551042
29897317 17667000
3640734136 3640734136
4503803413 22642626
142152339 2938892258
2447857141 781864170094551042
2980787615 17667000
3046219540 2964606814
64092459 64092459
2969168692 2969168692
4906718786 39344374
4075112393 784727165023682560
4906718786 39344374
3181439997 376902170
2370912056 132292052
2447857141 781864170094551042
18363392 874846453
1226278844 25911963
3806854215 264924050
2447857141 781864170094551042
2447857141 781864170094551042
403848418 4699716144
28165583 264924050
415166355 300260694
2447857141 781864170094551042
585100628 300260694
759117157888249856 759117157888249856
571891982 264924050
2447857141 781864170094551042
98933019 19622848
2447857141 781864170094551042
2447857141 781864170094551042
15194242 15194242
3240116498 175593914
484357289 264924050
2447857141 781864170094551042
2996080943 300260694
2519552569 2519552569
2519552569 2519552569
2519552569 2519552569
2519552569 2519552569
2980787615 264924050
2519552569 2519552569
2519552569 2519552569
2519552569 2519552569
2519552569 2519552569
2447857141 781864170094551042
2519552569 2519552569
2519552569 2519552569
2519552569 2519552569
2519552569 2519552569
2519552569 2519552569
2519552569 2519552569
2519552569 2519552569
1967188279 24322255
2519552569 2519552569
2519552569 2519552569
2519552569 2519552569
2519552569 2519552569
2519552569 2519552569
2519552569 2519552569
249286165 264924050
2519552569 2519552569
2519552569 2519552569
2519552569 2519552569
368948758 2478092460
2519552569 2519552569
3920426061 3920426061
2519552569 2519552569
2519552569 2519552569
2519552569 2519552569
2519552569 2519552569
2959665975 300260694
1531255531 214705379
3181439997 4699716144
2271203676 22891320
39843438 39344374
295246104 300260694
2639121207 2639121207
545630694 300260694
711696025149435905 4464269182
4261530621 4261530621
19221186 17667000
741456445225500672 4115766494
1581997014 1581997014
98933019 68164740
402440626 4699716144
182866895 175593914
29244477 29244477
3610245193 39344374
4425291803 846667268
255858240 384639099
635556238 2984956364
120995738 120995738
2304140167 4464269182
150912704 300260694
1459553364 1020356491
2984732976 4699716144
21337290 132292052
2344628610 2344628610
4882510012 300260694
2447857141 781864170094551042
1941056822 376902170
2447857141 781864170094551042
2447857141 781864170094551042
765719354570702848 39344374
765719354570702848 39344374
542580422 300260694
519144718 2956122909
2447857141 781864170094551042
519144718 300260694
2576362596 2576362596
64816934 214705379
2994949369 300260694
4261530621 4261530621
417479137 214705379
2447857141 781864170094551042
1398621187 300260694
52899921 24322255
36272234 4516109615
2447857141 781864170094551042
1895885275 120995738
2447857141 781864170094551042
105624891 24322255
171884805 300260694
2447857141 781864170094551042
2447857141 781864170094551042
716072847622414336 3920426061
789608216837562368 789608216837562368
2720177104 39344374
121199833 282779522
605463751 4464269182
582236094 361549074
748918727526133760 98956941
1566421004 23079127
196872616 214705379
2447857141 781864170094551042
789608216837562368 789608216837562368
748918727526133760 98956941
2447857141 781864170094551042
776470621261737984 386215505
2447857141 781864170094551042
472589320 39344374
25207598 282779522
2418170701 3660486138
2447857141 781864170094551042
120995738 120995738
1941056822 3236555213
365495085 3236555213
3035201654 3236555213
840446988 3236555213
290437398 3236555213
2447857141 781864170094551042
718830601990574080 4614230423
2447857141 781864170094551042
3504501940 300260694
178835600 214705379
120995738 120995738
2360121187 2360121187
3740933056 39344374
2447857141 781864170094551042
146463211 902777400
766476350 2360121187
2447857141 781864170094551042
2447857141 781864170094551042
2776901738 3236555213
12403312 3236555213
847923606 847923606
201804770 120995738
2447857141 781864170094551042
180648825 2828086644
2251330669 300260694
2447857141 781864170094551042
1741632938 390290147
23841163 39344374
2447857141 781864170094551042
3122706789 3122706789
3924259581 77608185
2447857141 781864170094551042
27152954 748193776322023424
2436323341 3236555213
15915809 3920426061
120995738 120995738
470655711 300260694
4875472510 32520240
407065731 386215505
2447857141 781864170094551042
2383282580 39344374
2447857141 781864170094551042
2447857141 781864170094551042
2519552569 2519552569
2519552569 2519552569
2715029887 28100059
2519552569 2519552569
2519552569 2519552569
2519552569 2519552569
2519552569 2519552569
2519552569 2519552569
2447857141 781864170094551042
2562689946 2562689946
120995738 120995738
2447857141 781864170094551042
145724191 19493645
1499654030 3236555213
105641321 58964788
2447857141 781864170094551042
222962448 386215505
2447857141 781864170094551042
216897636 216897636
2447857141 781864170094551042
410096653 264924050
45034222 386215505
2447857141 781864170094551042
2447857141 781864170094551042
2896885750 24322255
2447857141 781864170094551042
145724191 19493645
27092307 264924050
2447857141 781864170094551042
2447857141 781864170094551042
23945454 22891320
2987599261 2987599261
713804524381716480 3236555213
706389399785705474 39344374
2447857141 781864170094551042
713804524381716480 4464269182
2447857141 781864170094551042
25302089 264924050
2447857141 781864170094551042
4893105591 718250766826397698
3290822994 2909494739
322312972 300260694
2447857141 781864170094551042
376876772 386215505
711566823012089856 214705379
2447857141 781864170094551042
120995738 120995738
3290822994 3236555213
2743760766 20188834
3290822994 300260694
45079860 426578718
2447857141 781864170094551042
248052290 24922704
14205037 2930160344
67789604 737398822935142400
2447857141 781864170094551042
238049668 175593914
2447857141 781864170094551042
2447857141 781864170094551042
3267937536 31746745
2447857141 781864170094551042
550105681 52876493
254847445 24322255
312418612 3236555213
2344628610 2344628610
2447857141 781864170094551042
2447857141 781864170094551042
1741632938 390290147
2447857141 781864170094551042
16209935 426578718
366823791 105341128
706607137875759104 718250766826397698
4425291803 1279341103
2447857141 781864170094551042
110611375 39344374
2447857141 781864170094551042
129637929 129637929
2447857141 781864170094551042
3122706789 3122706789
2447857141 781864170094551042
58964788 386215505
731925359965392896 3920426061
2447857141 781864170094551042
4273069154 14980903
550617189 24322255
2447857141 781864170094551042
2447857141 781864170094551042
1466125662 30690661
3038122755 3038122755
3038122755 3038122755
628946366 14980903
2447857141 781864170094551042
2447857141 781864170094551042
67789604 718250766826397698
696519190161784832 24481099
432121549 3236555213
2447857141 781864170094551042
2447857141 781864170094551042
2447857141 781864170094551042
2639121207 2639121207
766021036273958912 766021036273958912
2447857141 781864170094551042
2447857141 781864170094551042
2447857141 781864170094551042
2447857141 781864170094551042
2447857141 781864170094551042
3267937536 8795772
2447857141 781864170094551042
98663217 237862972
142338442 214705379
702199438324981761 702199438324981761
2447857141 781864170094551042
1398621187 264924050
2447857141 781864170094551042
2576362596 2576362596
120995738 120995738
431755183 777695366653235200
238049668 1741632938
2447857141 781864170094551042
2447857141 781864170094551042
2447857141 781864170094551042
47109990 426578718
2447857141 781864170094551042
2447857141 781864170094551042
2447857141 781864170094551042
2447857141 781864170094551042
635556238 635556238
2447857141 781864170094551042
2447857141 781864170094551042
815871284 386215505
2447857141 781864170094551042
150124780 22891320
717538175590076416 39344374
717538175590076416 39344374
734348794611916800 2661849196
2447857141 781864170094551042
2447857141 781864170094551042
2447857141 781864170094551042
2447857141 781864170094551042
2447857141 781864170094551042
557328931 386215505
2447857141 781864170094551042
2447857141 781864170094551042
288385382 24322255
2447857141 781864170094551042
2447857141 781864170094551042
2447857141 781864170094551042
23860507 3920426061
2447857141 781864170094551042
2447857141 781864170094551042
2447857141 781864170094551042
3528564315 3528564315
2447857141 781864170094551042
2447857141 781864170094551042
281689622 3920426061
2447857141 781864170094551042
2987599261 2987599261
322879013 39344374
748918727526133760 23433605
2447857141 781864170094551042
2563442997 2563442997
2447857141 781864170094551042
2447857141 781864170094551042
2447857141 781864170094551042
38247048 300260694
38247048 24262253
2447857141 781864170094551042
785353414926401536 928924128
2447857141 781864170094551042
2447857141 781864170094551042
316231563 3920426061
2447857141 781864170094551042
2447857141 781864170094551042
3920426061 3920426061
3920426061 3920426061
3920426061 3920426061
1287022826 39344374
2447857141 781864170094551042
712666058335715329 39344374
736676509742571520 1077941046
2447857141 781864170094551042
1499654030 578119253
2447857141 781864170094551042
850430335 24262253
1499654030 300260694
2447857141 781864170094551042
2447857141 781864170094551042
377075520 1345644193
1499654030 24322255
2447857141 781864170094551042
2447857141 781864170094551042
2447857141 781864170094551042
2447857141 781864170094551042
485423388 1244408377
2447857141 781864170094551042
2447857141 781864170094551042
2447857141 781864170094551042
120995738 120995738
2447857141 781864170094551042
2447857141 781864170094551042
2447857141 781864170094551042
2447857141 781864170094551042
61323149 61323149
1671628885 3389164514
2447857141 781864170094551042
2447857141 781864170094551042
110611375 39344374
2447857141 781864170094551042
2447857141 781864170094551042
2447857141 781864170094551042
2447857141 781864170094551042
2447857141 781864170094551042
2447857141 781864170094551042
2447857141 781864170094551042
2447857141 781864170094551042
2447857141 781864170094551042
2447857141 781864170094551042
2447857141 781864170094551042
32336696 426578718
2447857141 781864170094551042
2447857141 781864170094551042
2447857141 781864170094551042
2447857141 781864170094551042
2447857141 781864170094551042
2447857141 781864170094551042
2447857141 781864170094551042
2447857141 781864170094551042
2447857141 781864170094551042
2447857141 781864170094551042
2447857141 781864170094551042
2447857141 781864170094551042
2447857141 781864170094551042
2447857141 781864170094551042
2447857141 781864170094551042
2447857141 781864170094551042
2688417994 737398822935142400
2447857141 781864170094551042
2447857141 781864170094551042
2688417994 718250766826397698
2255282552 300260694
2447857141 781864170094551042
2447857141 781864170094551042
2447857141 781864170094551042
2447857141 781864170094551042
2447857141 781864170094551042
2447857141 781864170094551042
2447857141 781864170094551042
2447857141 781864170094551042
2447857141 781864170094551042
2447857141 781864170094551042
2447857141 781864170094551042
2447857141 781864170094551042
2447857141 781864170094551042
2447857141 781864170094551042
2447857141 781864170094551042
2447857141 781864170094551042
2447857141 781864170094551042
2447857141 781864170094551042
2447857141 781864170094551042
2447857141 781864170094551042
216897636 216897636
2447857141 781864170094551042
4565169253 426578718
2447857141 781864170094551042
3248004948 11866582
2447857141 781864170094551042
2447857141 781864170094551042
2447857141 781864170094551042
2447857141 781864170094551042
2447857141 781864170094551042
2447857141 781864170094551042
2447857141 781864170094551042
2447857141 781864170094551042
2447857141 781864170094551042
2447857141 781864170094551042
2447857141 781864170094551042
15194242 15194242
2238340902 2278117092
2447857141 781864170094551042
2447857141 781864170094551042
2447857141 781864170094551042
2447857141 781864170094551042
2942576157 24262253
2942576157 300260694
2447857141 781864170094551042
2447857141 781864170094551042
2447857141 781864170094551042
2447857141 781864170094551042
2447857141 781864170094551042
2447857141 781864170094551042
2447857141 781864170094551042
2447857141 781864170094551042
2447857141 781864170094551042
2447857141 781864170094551042
2447857141 781864170094551042
2447857141 781864170094551042
2447857141 781864170094551042
216897636 216897636
2447857141 781864170094551042
3920426061 3920426061
3920426061 3920426061
3920426061 3920426061
2447857141 781864170094551042
2447857141 781864170094551042
2447857141 781864170094551042
744101294617542656 326299470
2447857141 781864170094551042
2447857141 781864170094551042
2447857141 781864170094551042
2447857141 781864170094551042
2447857141 781864170094551042
2447857141 781864170094551042
179688121 3920426061
2447857141 781864170094551042
550139275 11866582
2447857141 781864170094551042
2447857141 781864170094551042
3528564315 3528564315
2447857141 781864170094551042
2447857141 781864170094551042
2447857141 781864170094551042
550139275 11866582
550139275 11866582
2447857141 781864170094551042
2447857141 781864170094551042
2447857141 781864170094551042
2447857141 781864170094551042
550139275 11866582
550139275 11866582
2447857141 781864170094551042
550139275 11866582
2447857141 781864170094551042
2447857141 781864170094551042
3383000373 3383000373
3383000373 3383000373
3383000373 3383000373
2447857141 781864170094551042
2447857141 781864170094551042
2447857141 781864170094551042
2447857141 781864170094551042
2447857141 781864170094551042
2447857141 781864170094551042
2447857141 781864170094551042
2447857141 781864170094551042
15194242 15194242
2447857141 781864170094551042
2447857141 781864170094551042
2447857141 781864170094551042
2447857141 781864170094551042
2447857141 781864170094551042
2447857141 781864170094551042
2447857141 781864170094551042
2447857141 781864170094551042
2447857141 781864170094551042
2447857141 781864170094551042
2447857141 781864170094551042
2447857141 781864170094551042
2447857141 781864170094551042
2447857141 781864170094551042
2447857141 781864170094551042
2447857141 781864170094551042
2447857141 781864170094551042
2447857141 781864170094551042
188328580 3122706789
2447857141 781864170094551042
3196826180 30690661
2447857141 781864170094551042
2447857141 781864170094551042
2447857141 781864170094551042
2447857141 781864170094551042
2447857141 781864170094551042
2447857141 781864170094551042
2447857141 781864170094551042
2447857141 781864170094551042
2314890444 2349336265
615463063 3034626213
2447857141 781864170094551042
2447857141 781864170094551042
2447857141 781864170094551042
2447857141 781864170094551042
2447857141 781864170094551042
2447857141 781864170094551042
3920426061 3920426061
2447857141 781864170094551042
2447857141 781864170094551042
2447857141 781864170094551042
2447857141 781864170094551042
2447857141 781864170094551042
2447857141 781864170094551042
2447857141 781864170094551042
2447857141 781864170094551042
2447857141 781864170094551042
2447857141 781864170094551042
2447857141 781864170094551042
2447857141 781864170094551042
2447857141 781864170094551042
2447857141 781864170094551042
2447857141 781864170094551042
2447857141 781864170094551042
2447857141 781864170094551042
2447857141 781864170094551042
2447857141 781864170094551042
2447857141 781864170094551042
2447857141 781864170094551042
2447857141 781864170094551042
2447857141 781864170094551042
2447857141 781864170094551042
2447857141 781864170094551042
2447857141 781864170094551042
2447857141 781864170094551042
2447857141 781864170094551042
2447857141 781864170094551042
2447857141 781864170094551042
2906383811 24262253
294908387 3222517266
2447857141 781864170094551042
22232322 386215505
2447857141 781864170094551042
2447857141 781864170094551042
2447857141 781864170094551042
2447857141 781864170094551042
2447857141 781864170094551042
785765281 24322255
2447857141 781864170094551042
2447857141 781864170094551042
319843055 300260694
2447857141 781864170094551042
2447857141 781864170094551042
2447857141 781864170094551042
210559705 3357294347
3640734136 3640734136
2447857141 781864170094551042
2251330669 24262253
4035871276 386215505
2447857141 781864170094551042
20008239 21333944
2447857141 781864170094551042
2447857141 781864170094551042
2447857141 781864170094551042
2447857141 781864170094551042
4828155878 4828155878
2447857141 781864170094551042
2447857141 781864170094551042
337459776 21777967
373556775 373556775
2344628610 2344628610
2947270383 334739729
3695474660 1269773340
900840696 3920426061
255165943 3222517266
892122942 39344374
3413087657 3413087657
106040036 3034626213
1324480466 30690661
341546135 2296218770
120995738 120995738
3240199775 39344374
740735647833432064 2856180336
777509198934441984 3920426061
136881432 136881432
3046033707 876045241
4893105591 718250766826397698
103967533 1378065150
701496051556028420 3221094020
3221094020 3221094020
727506914045648896 3221094020
1593967615 39344374
815871284 713839291210792960
777978433708187648 24322255
254815175 24322255
2344628610 2344628610
1019072844 44037529
431892276 941974044
3297226109 386215505
2447857141 781864170094551042
2447857141 781864170094551042
2447857141 781864170094551042
320291711 24322255
2447857141 781864170094551042
2447857141 781864170094551042
197181270 386215505
2447857141 781864170094551042
2447857141 781864170094551042
2447857141 781864170094551042
2447857141 781864170094551042
2447857141 781864170094551042
52470288 24322255
2447857141 781864170094551042
2447857141 781864170094551042
2447857141 781864170094551042
2447857141 781864170094551042
412676990 109959589
2447857141 781864170094551042
3021101578 355869749
2447857141 781864170094551042
2447857141 781864170094551042
2447857141 781864170094551042
126435559 121775759
2447857141 781864170094551042
2447857141 781864170094551042
2447857141 781864170094551042
221475570 221475570
2447857141 781864170094551042
22461000 2291625156
2447857141 781864170094551042
2447857141 781864170094551042
153105468 109959589
1046114347 1046114347
2447857141 781864170094551042
2447857141 781864170094551042
713426363256938496 39344374
2447857141 781864170094551042
2447857141 781864170094551042
713839291210792960 713839291210792960
713839291210792960 713839291210792960
713839291210792960 713839291210792960
713839291210792960 713839291210792960
2447857141 781864170094551042
2447857141 781864170094551042
1912223000 2595228668
2447857141 781864170094551042
815871284 713839291210792960
2447857141 781864170094551042
2447857141 781864170094551042
704780472346402816 7768692
2447857141 781864170094551042
158345507 347944080
2447857141 781864170094551042
437086729 713839291210792960
22515874 22515874
2447857141 781864170094551042
751446761261203456 4855586835
2447857141 781864170094551042
628638850 55976150
2447857141 781864170094551042
2447857141 781864170094551042
2447857141 781864170094551042
2447857141 781864170094551042
2447857141 781864170094551042
3015824262 3270622363
2214927978 2372866730
2447857141 781864170094551042
2576362596 2576362596
2447857141 781864170094551042
94036474 22101273
2746229537 97452920
2447857141 781864170094551042
2966891614 165211420
2447857141 781864170094551042
19566259 109959589
2447857141 781864170094551042
301055281 713839291210792960
4018135994 3034626213
2447857141 781864170094551042
2447857141 781864170094551042
2447857141 781864170094551042
44278640 44278640
2447857141 781864170094551042
2447857141 781864170094551042
2447857141 781864170094551042
2447857141 781864170094551042
17667000 188208373
2447857141 781864170094551042
85582295 188208373
2499997386 14767983
2447857141 781864170094551042
2447857141 781864170094551042
45450470 188208373
2447857141 781864170094551042
2447857141 781864170094551042
2447857141 781864170094551042
3640734136 3640734136
2447857141 781864170094551042
2447857141 781864170094551042
2447857141 781864170094551042
1624339831 24322255
18540031 24322255
2447857141 781864170094551042
2447857141 781864170094551042
2447857141 781864170094551042
2447857141 781864170094551042
2776901738 188208373
2447857141 781864170094551042
2447857141 781864170094551042
2447857141 781864170094551042
2447857141 781864170094551042
2447857141 781864170094551042
3497865853 39344374
64092459 1617927480
2447857141 781864170094551042
2447857141 781864170094551042
2447857141 781864170094551042
1226088445 1226088445
2447857141 781864170094551042
2447857141 781864170094551042
2447857141 781864170094551042
2447857141 781864170094551042
175593914 175593914
2447857141 781864170094551042
2447857141 781864170094551042
2447857141 781864170094551042
2957875925 188208373
47868473 188208373
2447857141 781864170094551042
2447857141 781864170094551042
2447857141 781864170094551042
2447857141 781864170094551042
2447857141 781864170094551042
2447857141 781864170094551042
2447857141 781864170094551042
2447857141 781864170094551042
2447857141 781864170094551042
2447857141 781864170094551042
2447857141 781864170094551042
2447857141 781864170094551042
2447857141 781864170094551042
2447857141 781864170094551042
2447857141 781864170094551042
2447857141 781864170094551042
2447857141 781864170094551042
702199438324981761 300260694
2447857141 781864170094551042
2447857141 781864170094551042
702199438324981761 188208373
2447857141 781864170094551042
2447857141 781864170094551042
2447857141 781864170094551042
504695887 713839291210792960
2447857141 781864170094551042
2447857141 781864170094551042
765641072982851584 47156819
2447857141 781864170094551042
106040036 3034626213
2447857141 781864170094551042
2447857141 781864170094551042
2794927832 2349336265
36568444 2571870453
2447857141 781864170094551042
2447857141 781864170094551042
2447857141 781864170094551042
2447857141 781864170094551042
2447857141 781864170094551042
2447857141 781864170094551042
38670794 300260694
2447857141 781864170094551042
2447857141 781864170094551042
3052975505 264924050
2447857141 781864170094551042
2447857141 781864170094551042
3037061998 3037061998
2447857141 781864170094551042
2447857141 781864170094551042
2447857141 781864170094551042
2447857141 781864170094551042
2577571106 21777967
2447857141 781864170094551042
2447857141 781864170094551042
61323149 61323149
2447857141 781864170094551042
2447857141 781864170094551042
759967144402616320 3236555213
759967144402616320 300260694
2447857141 781864170094551042
2447857141 781864170094551042
759967144402616320 755729456531140608
2447857141 781864170094551042
103057713 366890401
2447857141 781864170094551042
2447857141 781864170094551042
3920426061 3920426061
2447857141 781864170094551042
2447857141 781864170094551042
2447857141 781864170094551042
2447857141 781864170094551042
333660102 333660102
2447857141 781864170094551042
2447857141 781864170094551042
2447857141 781864170094551042
2447857141 781864170094551042
2447857141 781864170094551042
811121437 426578718
2447857141 781864170094551042
22653494 3161114074
2447857141 781864170094551042
2447857141 781864170094551042
3920426061 3920426061
2447857141 781864170094551042
3920426061 3920426061
2447857141 781864170094551042
2447857141 781864170094551042
2447857141 781864170094551042
2447857141 781864170094551042
2447857141 781864170094551042
2447857141 781864170094551042
2447857141 781864170094551042
2447857141 781864170094551042
2447857141 781864170094551042
847923606 847923606
2447857141 781864170094551042
410135192 713839291210792960
483360857 22064255
22515874 22515874
1046114347 1046114347
116504222 1046114347
1046114347 1046114347
779840912427843584 40756537
94886240 39533820
2576362596 2576362596
4211967857 11866582
148717818 426578718
2329271801 39533820
2571966684 3236555213
3528564315 3528564315
714985182315450368 39344374
1650349634 24322255
862879723 226838632
3300711072 3300711072
16561729 732681446444433408
702199438324981761 702199438324981761
2864321805 2856180336
3920426061 3920426061
22064255 3920426061
20610143 214705379
2586300403 3920426061
260426187 39344374
4261530621 4261530621
3153083326 2856180336
2359310914 2856180336
289714633 289714633
3949435217 386215505
108288348 3920426061
48804630 350417757
239025975 3920426061
1939212224 2856180336
534622823 3920426061
98160936 3920426061
635556238 635556238
2576362596 2576362596
61815215 300260694
3196826180 26559586
923964859 3920426061
702199438324981761 702199438324981761
201377228 201377228
2166004434 3920426061
235754196 22891320
3920426061 3920426061
1202949210 3920426061
3389164514 1671628885
47109990 3920426061
21337290 264924050
2576362596 2576362596
120995738 120995738
3318318912 928924128
3389164514 1671628885
1671628885 1671628885
766099296890589184 17017636
1671628885 1671628885
61323149 61323149
35361881 300260694
21337290 169696888
845719214 39344374
845719214 39344374
21337290 169696888
2576362596 2576362596
21337290 169696888
750881078693531649 386215505
48289070 2291726940
3086932586 386215505
3257591580 1769646126
1712386268 1712386268
4868688743 347320239
